,Skip,Loss,train-acc,test-acc,commd_round
0,38.0,1.1401645876467228,64.915,70.85000000000001,
1,38.0,0.964354518726468,68.94,69.67,
2,44.0,0.875081934183836,71.175,75.77000000000001,
3,45.0,0.6309442154318095,78.59,74.52,
4,46.0,0.6041018249839545,79.44,79.85,
5,59.0,0.5913301760951678,79.88499999999999,80.55,
6,64.0,0.545013661980629,81.245,80.51,
7,72.0,0.5285045368038118,81.7925,80.92,
8,73.0,0.5235491132984559,81.965,81.19,
9,78.0,0.49708883825689554,82.695,81.96,
10,83.0,0.4956015809997916,82.74000000000001,82.34,
11,91.0,0.49123390622437,82.83500000000001,80.63,
12,96.0,0.4852442443370819,82.76,82.08,
13,102.0,0.476368332374841,83.3175,82.67999999999999,
14,111.0,0.46954060761878885,83.6,81.88,
15,117.0,0.45521575037389994,84.09,82.64,
16,120.0,0.4486220988072455,84.3325,82.67999999999999,
17,124.0,0.4503783804923296,84.2,83.2,
18,126.0,0.43815623719245195,84.5,82.78,
19,129.0,0.4371289069019258,84.64500000000001,83.37,
20,141.0,0.43643640880783396,84.66,83.7,
21,144.0,0.42217074893414974,85.07000000000001,83.77,
22,146.0,0.4222835428453982,85.0425,83.50999999999999,
23,148.0,0.42564879115670917,84.98333333333333,83.71,
24,150.0,0.4175358855724335,85.25,82.58,
25,158.0,0.42110963359475134,85.015,83.99,
26,162.0,0.41825080135216314,85.12166666666666,84.05,
27,177.0,0.4148015390709043,85.385,84.00999999999999,
28,183.0,0.410507112313062,85.48750000000001,84.00999999999999,
29,185.0,0.40973108532528085,85.53833333333334,84.19,
30,188.0,0.39824803683906795,85.80499999999999,83.42,
31,190.0,0.4045892528817058,85.6175,84.38,
32,196.0,0.4052677830805381,85.64,84.13000000000001,
33,200.0,0.39625031061470506,85.895,84.31,
34,204.0,0.39940598303452135,85.8475,84.24000000000001,
35,217.0,0.39954552590847014,85.76166666666667,83.85000000000001,
36,220.0,0.3994915158301592,85.47,84.38,
37,230.0,0.4012364465557039,85.595,84.32,
38,234.0,0.3968047631159425,85.88,83.69,
39,236.0,0.38936279617249964,86.11999999999999,84.63000000000001,
40,245.0,0.39130511740222573,86.0525,83.99,
41,249.0,0.39006716787815093,86.14,83.33,
42,256.0,0.38862545318901537,86.395,84.63000000000001,
43,256.0,0.38583327950909735,86.4025,84.26,
44,265.0,0.3855213606605927,86.32,84.58,
45,275.0,0.3869637693092227,86.24000000000001,84.68,
46,280.0,0.38226943630725146,86.3725,84.65,
47,285.0,0.3846220755701264,86.245,84.06,
48,288.0,0.3737698750570416,86.83,84.73,
49,288.0,0.3786773590929806,86.665,84.99,
50,290.0,0.3785601419707139,86.64333333333335,84.42,
51,290.0,0.37283225387334823,86.69,85.09,
52,300.0,0.3723002027533948,86.765,85.07000000000001,
53,304.0,0.37717041621605557,86.61666666666666,84.47,
54,311.0,0.36779521591961384,86.825,84.21,
55,314.0,0.37205060044303534,86.80250000000001,85.06,
56,317.0,0.3745831748843193,86.68,84.88,
57,332.0,0.3683188529126346,86.92999999999999,84.57000000000001,
58,334.0,0.37245254767127334,86.795,84.55,
59,339.0,0.3746604543241362,86.70666666666666,85.0,
